193
178
40
74
20
20
175
171
116
130
162
192
42
188
183
34
129
50
95
138
197
8
75
98
13
18
122
99
168
103
100
175
147
78
186
15
3
5
157
53
57
152
129
147
191
170
19
60
80
30
127
182
50
1
47
127
197
33
26
124
51
126
69
186
2
123
172
37
67
133
0
199
13
160
49
183
141
119
58
132
47
62
142
116
114
198
49
169
14
97
70
173
81
196
157
7
174
38
71
6
41
85
184
67
76
74
62
8
167
60
187
108
34
90
189
112
56
34
134
153
192
95
194
68
143
42
58
12
27
170
49
189
34
45
32
93
0
174
63
175
83
155
138
66
170
93
158
60
12
49
113
65
11
119
73
66
153
176
106
100
91
146
52
60
76
153
76
183
121
170
160
175
52
94
129
147
104
55
48
65
171
160
97
122
16
97
197
138
117
92
117
133
134
135
118
184
76
177
103
45
1
197
63
49
155
103
44
119
18
5
53
112
7
109
50
45
108
130
27
98
87
78
141
174
70
191
113
153
73
19
35
113
170
59
38
39
76
36
128
19
188
146
117
106
195
188
188
31
83
138
7
128
113
182
137
179
110
62
107
145
55
90
82
35
121
99
80
140
143
147
171
141
126
29
29
163
24
165
63
135
138
41
88
158
148
141
59
26
194
39
118
148
98
71
101
145
182
67
195
51
42
102
149
78
47
5
126
180
137
166
168
181
24
176
46
37
199
115
19
10
82
33
120
42
198
134
53
120
86
70
142
96
42
74
40
163
8
1
25
166
78
199
132
48
154
6
49
67
23
92
87
3
132
8
27
98
70
190
98
137
151
84
70
189
140
145
102
31
6
15
79
196
7
198
155
36
83
2
135
199
96
118
25
123
186
177
121
21
63
31
53
31
35
124
32
161
91
63
55
164
140
134
157
124
115
55
46
144
142
195
191
96
96
156
183
156
175
73
16
133
30
151
9
110
89
100
34
64
184
184
71
38
68
117
33
52
191
140
92
96
104
194
4
177
60
158
33
148
21
2
120
177
189
130
35
200
56
120
156
43
100
24
90
104
140
162
195
139
104
128
89
164
200
195
144
181
109
152
199
3
73
188
65
104
12
184
158
7
130
159
180
120
12
109
89
180
182
48
48
96
25
101
128
109
110
154
92
133
150
199
50
35
48
92
30
93
114
82
48
107
181
53
167
186
161
104
4
172
116
145
99
51
198
75
56
173
121
114
88
59
130
43
174
152
37
79
67
129
73
119
124
22
116
125
119
36
167
9
100
70
193
88
70
134
136
87
180
78
47
0
96
126
118
14
119
88
104
96
189
167
6
81
69
148
60
172
40
159
11
187
162
44
101
82
60
142
193
95
92
14
152
94
5
97
74
139
103
55
127
160
147
198
31
124
88
156
77
12
152
58
149
155
175
113
71
68
196
151
75
22
114
81
119
77
135
13
86
45
79
134
179
16
147
180
84
47
141
26
147
184
47
65
16
130
71
56
113
53
19
65
116
119
185
53
173
78
123
161
57
200
191
130
37
80
187
21
111
144
196
182
145
115
75
86
31
48
56
175
68
160
50
55
63
69
48
171
132
60
30
199
48
24
149
195
18
46
120
173
132
132
74
194
148
146
144
33
32
0
27
138
71
175
47
106
50
152
183
181
174
197
153
106
142
164
192
35
20
165
109
155
147
80
140
13
157
79
184
94
193
78
13
84
111
59
76
102
116
136
94
102
92
15
51
27
37
95
192
124
39
39
89
109
157
98
102
43
197
93
138
31
89
167
189
29
157
157
45
34
1
35
134
113
182
79
184
108
192
177
22
172
113
145
38
192
183
157
175
105
106
173
160
44
113
108
169
28
21
109
82
138
115
141
83
189
181
31
61
88
179
140
148
59
91
50
35
115
165
35
162
194
129
140
186
84
90
154
55
88
170
29
50
152
17
200
46
92
34
158
128
77
184
164
180
64
141
52
155
144
117
45
51
137
158
154
183
149
78
94
127
116
92
46
79
40
174
139
10
48
82
173
187
98
34
75
91
93
131
173
83
115
91
188
133
61
183
193
104
95
189
186
118
30
45
104
103
34
96
178
53
177
94
126
109
165
131
186
17
24
104
125
132
172
78
128
139
198
187
130
155
157
139
181
189
52
62
44
160
132
197
148
82
194
23
64
23
133
148
153
104
187
58
38
174
125
100
96
79
85
129
22
13
55
44
147
82
115
153
125
128
159
109
140
127
173
170
49
18
179
142
161
45
26
85
97
85
19
83
73
199
26
146
94
163
12
81
14
161
78
189
15
173
163
10
6
51
27
144
50
191
176
2
41
78
153
34
24
152
26
27
133
161
5
38
127
101
100
149
160
56
134
77
27
131
101
51
116
68
168
177
48
141
34
172
174
155
83
37
174
10
161
15
151
164
87
154
31
109
178
127
197
3
197
94
164
12
85
149
26
86
2
77
117
35
101
91
191
79
146
187
187
136
25
78
31
43
142
86
185
128
47
109
25
73
186
48
23
34
93
21
72
134
75
24
85
140
116
152
1
168
61
38
108
27
7
161
36
88
172
191
165
97
133
46
198
129
194
115
52
68
120
71
80
57
65
133
12
123
119
184
125
57
90
118
69
32
96
96
169
54
108
183
126
178
15
66
84
163
194
11
59
190
175
90
195
157
142
90
8
32
83
1
14
74
58
79
183
186
109
77
132
193
154
124
138
112
186
169
111
9
151
180
86
13
173
86
22
64
129
36
14
159
159
117
2
148
133
166
161
123
111
53
120
31
139
52
190
57
69
188
112
118
146
172
39
108
121
51
51
126
191
105
85
8
103
161
175
187
10
144
159
174
38
2
109
190
5
97
75
169
180
120
65
76
152
155
70
79
165
180
46
185
15
5
71
157
140
191
70
121
84
144
177
83
111
18
79
119
2
167
8
52
26
39
164
66
186
39
102
128
92
64
152
165
171
40
162
5
6
139
132
30
18
110
159
178
114
41
183
146
46
50
149
119
175
104
115
13
76
56
169
171
1
126
199
161
56
134
62
94
168
136
74
26
160
126
118
36
191
132
176
26
9
182
167
135
80
25
91
122
8
35
145
183
178
3
129
107
0
43
94
51
177
58
163
165
150
161
136
100
186
194
198
53
98
65
68
7
187
66
197
182
82
38
90
151
144
89
86
191
158
2
171
137
80
65
90
110
189
110
46
138
195
101
138
127
96
141
154
119
155
140
8
194
64
7
120
84
65
39
82
26
12
144
89
90
188
8
124
150
156
145
51
200
109
21
94
142
101
27
170
14
33
152
93
107
22
182
190
154
35
164
151
119
173
188
18
17
120
165
199
179
198
147
174
34
56
162
55
67
72
183
129
68
172
163
108
162
134
191
21
100
76
155
90
169
182
149
136
183
8
127
166
48
124
159
131
7
148
134
132
80
16
65
43
149
137
24
62
173
75
124
75
10
121
5
170
88
153
83
5
114
6
167
122
2
34
144
190
114
169
19
176
164
27
21
185
99
83
104
159
183
0
59
41
111
60
49
45
93
114
119
123
31
160
111
95
135
103
131
179
4
31
78
134
37
85
138
75
42
148
7
157
35
143
129
41
71
169
198
10
6
64
66
45
101
24
49
197
93
81
115
67
45
175
12
84
28
55
150
135
93
51
41
93
16
37
30
166
118
190
28
153
6
68
119
93
154
22
49
78
152
108
12
36
25
128
189
121
61
67
172
62
47
190
76
2
196
158
147
24
114
116
181
169
140
11
95
86
106
65
61
116
143
121
119
111
108
56
118
170
9
100
94
132
0
74
60
193
92
14
8
197
150
137
48
138
82
122
79
43
8
14
49
184
39
46
12
179
130
105
92
84
143
112
81
63
53
185
10
191
42
185
191
99
164
74
19
103
192
52
44
32
144
6
188
98
70
59
16
176
158
200
104
18
86
166
141
181
62
15
43
200
144
47
40
42
28
146
144
30
80
168
93
173
146
192
7
173
114
51
88
10
15
20
102
153
162
162
162
108
197
180
65
137
117
47
72
146
58
148
137
161
105
135
164
200
81
155
25
181
118
10
113
47
63
160
88
193
47
56
68
190
103
117
180
103
132
15
29
180
139
197
30
188
84
31
57
193
10
200
170
159
138
45
28
187
124
45
77
194
165
163
91
9
135
16
78
43
4
127
43
41
20
118
86
185
60
22
81
141
59
41
50
158
36
57
166
116
67
168
81
64
31
169
54
168
51
163
87
69
76
62
189
50
118
47
39
198
5
49
190
144
114
38
198
104
169
88
94
97
19
198
176
3
67
153
88
56
12
57
64
119
25
67
29
0
196
85
164
15
70
193
175
151
189
143
83
148
83
29
43
126
84
23
66
191
124
91
38
61
96
73
30
126
114
71
183
96
5
125
80
11
199
170
97
26
129
109
17
24
11
172
176
55
9
102
55
140
90
129
172
100
46
178
89
54
44
116
4
41
51
138
153
130
91
170
60
199
144
31
88
53
190
138
35
107
140
128
71
194
33
73
13
73
196
129
138
95
173
23
119
143
56
156
124
189
77
13
15
121
157
184
5
35
165
142
175
133
87
109
7
108
91
137
140
9
83
73
31
87
89
53
125
181
156
21
14
94
65
182
83
194
77
80
100
129
27
180
196
34
1
178
28
175
109
1
95
27
60
96
168
90
154
39
100
171
18
45
118
4
48
178
110
80
79
24
18
20
169
188
93
19
197
148
24
43
48
57
66
32
14
5
171
195
180
45
37
36
144
152
26
29
139
121
118
96
170
28
172
33
143
98
118
121
102
161
99
55
142
23
17
40
190
139
77
90
189
82
200
97
114
190
120
122
16
182
106
151
146
172
106
78
110
181
151
26
109
83
183
189
168
105
143
161
151
56
39
33
159
165
36
46
10
118
165
28
14
77
113
104
143
179
148
19
174
170
45
15
81
175
12
61
194
185
66
71
12
11
63
157
192
78
73
144
123
87
156
118
165
104
76
102
119
141
20
14
155
198
153
98
50
10
178
71
102
101
45
4
35
190
20
90
165
75
30
146
8
141
165
61
20
24
108
152
23
186
64
16
182
173
12
29
26
162
34
148
123
45
37
115
13
89
87
104
99
62
21
166
101
52
30
177
115
28
80
130
131
62
40
2
110
30
143
26
189
142
37
15
14
86
154
42
35
95
159
79
137
138
119
122
106
133
185
25
66
90
51
16
150
122
95
126
181
120
58
173
159
185
169
95
109
86
18
119
120
136
142
163
102
187
194
141
166
19
57
90
71
165
157
45
54
92
97
107
28
74
86
65
33
157
70
3
37
73
172
192
30
41
67
16
148
47
120
127
132
120
110
80
65
94
130
147
57
95
14
52
198
60
44
117
61
53
143
149
27
11
107
185
199
55
131
0
199
148
92
126
5
134
71
117
27
86
26
46
13
59
199
8
115
132
20
21
88
31
45
56
119
23
109
139
126
131
24
112
199
0
47
44
93
147
99
148
136
28
62
71
12
56
50
26
4
70
110
183
18
46
15
71
198
121
110
41
107
27
60
44
105
176
49
14
89
31
194
164
10
119
136
131
82
105
88
184
134
114
35
62
24
150
186
135
26
181
85
0
3
8
22
113
117
163
153
76
142
194
181
69
14
147
94
66
23
43
119
99
157
35
161
60
22
140
108
55
0
40
64
178
5
89
83
161
90
22
23
145
197
46
198
29
14
134
74
69
122
73
153
97
38
191
112
171
27
97
121
158
197
164
2
47
165
8
62
97
198
9
151
18
88
68
188
4
52
89
139
141
6
192
56
75
9
121
178
76
191
76
188
128
18
189
148
174
65
176
138
13
70
39
171
124
136
71
136
14
31
66
53
148
34
81
37
24
127
12
132
2
127
170
54
65
60
6
149
190
86
137
186
129
131
11
70
43
160
167
32
192
99
144
112
92
49
18
4
49
51
54
197
110
0
2
159
137
20
124
199
29
190
33
176
160
31
44
105
169
15
192
139
152
152
88
27
156
21
160
190
135
82
191
137
127
51
164
115
153
16
142
155
38
137
47
58
118
66
34
174
136
120
184
52
73
116
142
155
5
177
127
135
172
74
10
157
141
66
5
178
160
144
147
131
167
116
181
66
53
16
132
90
39
197
140
50
92
194
54
73
15
45
10
180
25
34
167
92
173
190
98
41
121
84
152
75
29
43
140
195
186
146
69
31
54
1
189
113
192
16
139
41
171
32
142
84
91
178
47
66
136
145
92
51
151
153
70
115
61
14
39
157
54
191
3
129
65
128
150
32
148
150
95
1
92
187
28
136
71
120
163
2
89
83
101
73
12
27
99
126
83
48
156
160
68
68
187
188
37
186
145
60
107
94
147
96
149
51
46
21
46
5
133
6
26
22
54
57
38
96
124
45
136
187
164
127
70
195
110
9
13
63
1
6
96
39
65
120
15
116
108
18
72
128
156
60
132
150
121
139
126
114
138
160
93
44
145
173
129
79
44
41
103
81
173
34
10
81
163
199
144
10
139
49
0
83
115
122
60
195
36
20
48
111
4
93
102
105
107
6
195
128
6
14
110
90
28
137
5
67
72
166
50
31
117
158
121
67
23
47
14
11
178
1
17
82
146
196
141
13
137
130
180
185
8
52
97
30
56
185
141
64
124
38
59
14
82
179
55
57
1
3
131
6
28
107
48
140
122
181
21
92
80
92
53
34
158
152
149
109
171
44
193
28
198
30
122
68
19
48
67
80
41
160
162
124
163
158
28
35
199
198
151
51
68
47
163
71
66
200
173
183
75
170
61
89
121
186
68
116
69
169
21
152
195
151
38
174
27
194
190
52
31
107
47
187
75
71
76
157
182
139
110
155
190
161
165
194
31
19
100
190
18
176
176
149
53
111
47
16
125
194
132
90
115
164
197
55
91
152
99
6
125
103
153
171
176
183
99
117
182
72
57
58
33
110
130
4
58
26
8
64
96
37
111
78
136
141
129
104
157
120
109
42
187
0
188
114
109
37
7
66
125
79
110
46
100
165
162
179
4
193
193
171
51
140
184
142
127
158
42
185
86
28
33
84
153
119
27
119
133
117
32
64
174
196
3
77
158
164
8
199
107
170
81
4
0
6
37
135
65
13
161
78
81
135
157
59
53
96
24
187
177
124
22
143
179
79
85
131
96
191
66
141
184
34
188
98
191
83
126
145
129
53
139
153
105
47
187
18
85
51
123
142
162
62
195
41
145
79
166
78
158
102
139
144
92
153
9
194
125
157
112
94
3
134
164
117
198
101
167
80
42
95
12
106
105
195
169
17
3
35
145
89
6
108
153
126
2
136
154
8
125
35
177
27
185
91
47
18
163
106
80
36
64
133
72
2
6
154
170
88
142
116
17
133
130
65
181
193
85
86
165
4
32
12
104
141
116
131
171
58
132
118
143
105
119
149
197
177
47
130
101
195
140
13
32
144
14
6
17
183
54
141
6
93
55
86
145
12
16
74
147
24
139
60
175
16
199
168
107
89
144
112
34
148
83
78
179
34
61
170
100
62
95
14
124
160
111
196
92
139
78
17
8
192
51
123
10
179
125
194
126
113
34
71
6
141
56
111
69
196
48
26
47
3
176
42
18
109
166
183
57
109
111
169
146
64
123
62
21
34
152
60
115
38
146
66
36
53
82
41
11
197
117
151
76
94
176
44
6
52
180
19
145
137
17
152
16
77
122
184
14
112
50
134
127
149
13
119
167
82
154
137
82
185
128
128
48
119
132
48
15
187
169
94
84
187
158
136
49
149
14
154
55
142
117
32
133
25
55
126
82
74
180
130
189
25
196
52
22
89
102
130
163
135
122
64
150
153
105
85
169
38
51
79
164
152
171
56
156
0
80
9
185
83
167
67
10
3
7
5
13
103
1
15
115
115
64
33
200
148
19
39
30
192
50
128
106
49
61
192
137
130
170
82
113
193
79
93
63
162
151
145
133
1
190
192
42
65
106
90
120
145
138
108
83
46
32
83
40
87
155
164
28
178
142
127
50
162
187
56
90
59
109
149
72
95
186
162
48
105
54
169
198
96
17
164
141
82
127
79
180
18
46
93
69
158
179
193
32
57
196
134
137
62
94
148
20
104
162
154
97
50
162
125
51
21
135
55
196
198
28
53
83
46
87
66
140
188
55
95
43
131
188
61
20
1
69
141
189
114
17
100
58
137
176
148
72
22
45
118
133
178
76
83
49
136
8
194
134
41
89
149
179
187
156
91
172
164
168
155
85
111
156
142
120
160
159
181
163
9
135
200
129
16
139
110
134
62
186
46
90
106
128
47
9
0
73
140
78
196
139
33
184
31
49
164
104
20
120
98
2
78
27
66
73
116
180
98
59
7
181
44
29
84
118
74
143
158
171
81
66
37
193
113
134
172
140
27
80
65
42
51
104
157
25
8
14
95
68
149
77
182
94
36
8
174
182
76
130
166
124
106
191
82
67
176
180
12
43
11
2
39
143
35
100
136
63
15
76
10
113
139
121
129
97
83
64
115
52
136
123
181
97
144
19
3
6
18
172
111
166
38
26
129
90
171
167
162
50
88
47
18
44
70
107
164
94
48
63
96
135
82
98
59
33
178
159
187
45
200
110
159
110
66
115
155
121
181
149
173
146
187
92
130
5
116
147
173
24
18
179
98
67
186
46
124
60
86
153
124
175
54
185
128
39
122
158
133
120
191
107
9
51
158
97
112
32
187
65
58
134
91
92
65
111
153
99
193
188
119
149
74
115
13
131
66
145
102
170
72
83
55
131
25
47
127
191
193
95
66
195
51
63
0
26
70
40
13
86
4
173
91
44
51
22
97
36
60
196
175
76
196
158
87
95
14
10
164
41
106
125
49
158
50
69
106
52
176
172
117
176
77
187
106
30
116
150
160
195
96
109
79
1
76
44
175
168
117
195
188
104
142
71
3
71
83
170
116
117
143
136
93
123
102
167
65
66
176
144
42
157
28
138
175
96
85
32
172
100
106
103
145
158
169
23
180
181
185
145
149
153
121
184
199
45
23
154
93
50
190
152
106
38
27
5
107
166
50
14
116
169
118
64
20
77
72
187
68
123
158
21
2
59
9
192
31
76
45
163
36
80
181
16
166
65
103
68
158
143
104
167
47
113
76
13
66
100
2
4
94
133
42
90
103
196
121
170
134
21
31
0
97
57
40
39
114
145
9
78
99
182
34
120
25
2
61
67
177
112
138
66
176
88
168
3
53
195
150
22
65
121
177
70
13
4
116
4
172
165
122
128
199
198
93
155
154
167
97
125
85
169
104
86
177
47
47
113
125
2
180
158
174
6
65
143
94
31
94
69
168
10
154
32
57
94
94
40
7
41
52
151
191
141
15
43
55
36
135
174
100
167
82
16
107
19
149
30
197
187
37
97
176
56
126
63
14
102
161
86
144
54
128
171
88
69
56
17
52
195
155
186
126
10
10
33
78
29
20
141
4
157
53
9
24
65
89
64
36
25
176
71
68
57
142
175
157
124
182
184
63
46
158
79
9
196
13
177
199
44
148
172
140
151
149
152
159
170
40
159
200
3
162
110
95
198
34
136
158
31
90
167
37
0
197
178
154
115
134
104
116
49
100
72
106
188
19
95
20
18
112
181
192
28
69
99
192
122
171
190
93
176
19
15
33
156
176
142
53
86
84
83
47
60
184
199
116
93
61
100
119
130
195
164
31
81
102
3
43
67
0
52
166
182
109
49
137
20
126
97
90
97
152
17
82
89
52
156
93
108
195
104
121
17
30
116
115
127
140
102
51
66
98
85
94
139
200
137
58
45
39
190
105
195
73
73
89
65
112
195
122
105
27
65
177
179
17
15
132
40
59
164
66
179
195
165
42
15
138
159
59
185
17
92
12
75
106
121
134
40
46
135
86
45
105
182
95
61
88
150
158
170
89
35
104
111
26
135
60
119
48
151
105
136
184
10
20
90
57
67
172
161
78
108
131
165
130
135
150
74
197
97
153
167
103
159
163
72
124
156
89
168
173
138
105
45
9
33
92
103
162
59
96
116
44
152
129
79
95
106
2
78
170
96
186
91
13
121
31
140
180
67
171
193
55
101
100
149
199
155
166
121
73
40
177
72
145
178
147
183
177
168
15
138
152
165
73
170
134
190
110
106
153
73
43
180
65
106
30
134
78
11
172
150
133
124
2
29
114
113
125
27
198
186
75
32
68
108
140
156
195
200
158
20
10
189
27
67
107
163
142
186
174
103
182
107
199
179
140
106
140
45
113
24
108
157
43
115
140
158
101
198
124
51
46
37
159
177
30
36
90
148
91
137
153
114
30
165
117
197
163
185
5
14
153
48
134
169
104
69
150
85
89
127
105
181
121
8
161
165
90
33
88
21
51
18
139
177
101
29
59
124
70
150
104
141
20
82
184
154
3
197
8
30
104
44
116
45
186
145
193
148
178
45
123
160
155
198
2
184
146
182
128
53
85
77
20
68
132
107
77
35
139
159
47
139
74
25
180
62
153
160
163
103
117
15
54
184
69
195
77
142
64
135
190
35
39
162
70
111
156
175
12
59
169
10
24
90
172
11
86
45
116
10
56
99
72
14
0
182
78
97
190
167
37
21
82
85
195
65
167
193
152
38
31
91
196
91
42
36
49
65
29
189
135
121
77
21
39
194
23
130
192
157
83
172
50
88
19
86
88
59
99
191
177
52
70
126
65
134
169
185
81
12
187
39
185
19
110
112
25
84
149
199
26
102
127
130
174
23
35
165
182
162
84
157
160
12
4
64
157
191
8
129
128
93
0
13
126
24
195
40
177
81
168
71
125
72
81
32
157
156
184
148
153
80
200
20
71
145
139
37
132
14
193
190
139
139
20
189
164
39
141
94
164
174
117
191
62
117
106
174
32
200
8
157
153
53
176
166
48
158
27
95
49
54
102
82
129
131
182
26
94
36
69
182
75
72
148
16
96
117
22
58
160
162
83
4
198
86
81
20
142
124
29
126
2
116
26
43
136
69
50
103
162
53
63
166
196
93
169
90
15
28
7
106
163
135
139
81
144
163
47
120
39
159
9
199
190
20
105
45
0
90
26
164
113
127
24
144
25
149
55
78
29
130
154
138
66
50
133
86
25
117
156
141
162
168
18
162
77
16
1
14
193
107
76
166
4
9
140
178
139
37
182
139
44
93
125
46
191
36
184
60
19
172
48
11
113
166
55
121
29
12
43
169
101
115
115
123
117
194
5
137
25
8
16
172
118
151
108
106
157
12
38
46
192
64
53
103
98
156
161
115
26
149
71
64
132
103
25
7
164
161
134
15
